   18    0    0    0    0    0    0    6       0   18    0    0    0    0   -6    0
  -18    0    0    0    0    0    0   -6       0   18    0    0    0    0   -6    0
    0    0    6    0    0   14    0    0       0   14    0    0    0    0   -6    0
    0    0   -6    0    0  -14    0    0       0   14    0    0    0    0   -6    0
    0    0   -6    0    0   14    0    0       0  -14    0    0    0    0   -6    0
    0    0    6    0    0  -14    0    0       0  -14    0    0    0    0   -6    0
  -18    0    0    0    0    0    0    6       0  -18    0    0    0    0   -6    0
   18    0    0    0    0    0    0   -6       0  -18    0    0    0    0   -6    0
    0    0  -12    0    0    4    0    0       0    4    0    0    0    0   12    0
    0    0   12    0    0   -4    0    0       0    4    0    0    0    0   12    0
    0    0   12    0    0    4    0    0       0   -4    0    0    0    0   12    0
    0    0  -12    0    0   -4    0    0       0   -4    0    0    0    0   12    0
    0    0   12    0    0    4    0    0       0    4    0    0    0    0  -12    0
    0    0  -12    0    0   -4    0    0       0    4    0    0    0    0  -12    0
    0    0  -12    0    0    4    0    0       0   -4    0    0    0    0  -12    0
    0    0   12    0    0   -4    0    0       0   -4    0    0    0    0  -12    0
  -18    0    0    0    0    0    0    6       0   18    0    0    0    0    6    0
   18    0    0    0    0    0    0   -6       0   18    0    0    0    0    6    0
    0    0   -6    0    0   14    0    0       0   14    0    0    0    0    6    0
    0    0    6    0    0  -14    0    0       0   14    0    0    0    0    6    0
    0    0    6    0    0   14    0    0       0  -14    0    0    0    0    6    0
    0    0   -6    0    0  -14    0    0       0  -14    0    0    0    0    6    0
   18    0    0    0    0    0    0    6       0  -18    0    0    0    0    6    0
  -18    0    0    0    0    0    0   -6       0  -18    0    0    0    0    6    0
  -24    0    0    0    0    8    0    0       0    8    0    0   24    0    0    0
   24    0    0    0    0   -8    0    0       0    8    0    0   24    0    0    0
   24    0    0    0    0    8    0    0       0   -8    0    0   24    0    0    0
  -24    0    0    0    0   -8    0    0       0   -8    0    0   24    0    0    0
    0    0   -9    0    0   11    0    0       0   11    0    0    0    0    9    0
    0    0    9    0    0  -11    0    0       0   11    0    0    0    0    9    0
    0    0    9    0    0   11    0    0       0  -11    0    0    0    0    9    0
    0    0   -9    0    0  -11    0    0       0  -11    0    0    0    0    9    0
   80    0    0    0    0    0    0    0       0    0    0    0   16    0    0    0
  -80    0    0    0    0    0    0    0       0    0    0    0   16    0    0    0
    0    0  -12    0    0   12    0    0       0    0    0   12   12    0    0    0
    0    0   12    0    0  -12    0    0       0    0    0   12   12    0    0    0
    0    0   12    0    0   12    0    0       0    0    0  -12   12    0    0    0
    0    0  -12    0    0  -12    0    0       0    0    0  -12   12    0    0    0
  -40    0    0    0    0    8    0    0       0   40    0    0    8    0    0    0
   40    0    0    0    0   -8    0    0       0   40    0    0    8    0    0    0
   40    0    0    0    0    8    0    0       0  -40    0    0    8    0    0    0
  -40    0    0    0    0   -8    0    0       0  -40    0    0    8    0    0    0
    0    0  -21    0    0    3    0    0       0    0    0   21    3    0    0    0
    0    0   21    0    0   -3    0    0       0    0    0   21    3    0    0    0
    0    0   21    0    0    3    0    0       0    0    0  -21    3    0    0    0
    0    0  -21    0    0   -3    0    0       0    0    0  -21    3    0    0    0
   48    0    0    0    0    0    0    0       0   48    0    0    0    0    0    0
  -48    0    0    0    0    0    0    0       0   48    0    0    0    0    0    0
    0    0    0    0    0   16    0    0       0   16    0    0    0    0    0    0
    0    0    0    0    0  -16    0    0       0   16    0    0    0    0    0    0
   96    0    0    0    0    0    0    0       0    0    0    0    0    0    0    0
  -96    0    0    0    0    0    0    0       0    0    0    0    0    0    0    0
    0    0    0    0    0   16    0    0       0  -16    0    0    0    0    0    0
    0    0    0    0    0  -16    0    0       0  -16    0    0    0    0    0    0
   48    0    0    0    0    0    0    0       0  -48    0    0    0    0    0    0
  -48    0    0    0    0    0    0    0       0  -48    0    0    0    0    0    0
    0    0   21    0    0    3    0    0       0    0    0   21   -3    0    0    0
    0    0  -21    0    0   -3    0    0       0    0    0   21   -3    0    0    0
    0    0  -21    0    0    3    0    0       0    0    0  -21   -3    0    0    0
    0    0   21    0    0   -3    0    0       0    0    0  -21   -3    0    0    0
   40    0    0    0    0    8    0    0       0   40    0    0   -8    0    0    0
  -40    0    0    0    0   -8    0    0       0   40    0    0   -8    0    0    0
  -40    0    0    0    0    8    0    0       0  -40    0    0   -8    0    0    0
   40    0    0    0    0   -8    0    0       0  -40    0    0   -8    0    0    0
    0    0   12    0    0   12    0    0       0    0    0   12  -12    0    0    0
    0    0  -12    0    0  -12    0    0       0    0    0   12  -12    0    0    0
    0    0  -12    0    0   12    0    0       0    0    0  -12  -12    0    0    0
    0    0   12    0    0  -12    0    0       0    0    0  -12  -12    0    0    0
   80    0    0    0    0    0    0    0       0    0    0    0  -16    0    0    0
  -80    0    0    0    0    0    0    0       0    0    0    0  -16    0    0    0
    0    0    9    0    0   11    0    0       0   11    0    0    0    0   -9    0
    0    0   -9    0    0  -11    0    0       0   11    0    0    0    0   -9    0
    0    0   -9    0    0   11    0    0       0  -11    0    0    0    0   -9    0
    0    0    9    0    0  -11    0    0       0  -11    0    0    0    0   -9    0
   24    0    0    0    0    8    0    0       0    8    0    0  -24    0    0    0
  -24    0    0    0    0   -8    0    0       0    8    0    0  -24    0    0    0
  -24    0    0    0    0    8    0    0       0   -8    0    0  -24    0    0    0
   24    0    0    0    0   -8    0    0       0   -8    0    0  -24    0    0    0
